array('f', [-0.4285714328289032, 0.5714285969734192, 0.2857142984867096, -0.2142857164144516])
0:00:00.000170
array('f', [0.0007052212604321539, -0.0043773408979177475, 0.3701115846633911, 0.0016204837011173368, -0.0014820443466305733, 0.0008836896158754826, -0.031635649502277374, 0.000755329558160156, 0.0013886812375858426, -0.0005108215846121311, -0.0009161860216408968, 0.0002562895533628762, -0.0005218154401518404, 0.002025228925049305, 0.0034647975116968155, -0.001527369488030672])
0:00:00.001214
array('f', [6.274424958974123e-05, 0.001191442832350731, -0.0007414956926368177, 0.00034467727527953684, -0.0005944708827883005, 0.0006098789162933826, -9.957662405213341e-05, -0.0001220850390382111, 0.0012292629107832909, -0.0007755227270536125, 0.0009360737749375403, -0.0010176823707297444, 0.00012781485565938056, 6.29269125056453e-05, 2.429193955322262e-05, -0.001493347343057394, -0.0007871664711274207, 0.0008903438574634492, -0.0010230112820863724, -0.0008293042774312198, 0.00017509786994196475, -0.0004211366758681834, 0.010403107851743698, 0.000665424857288599, -0.0018375273793935776, -0.000568809628020972, -0.00032244485919363797, 0.02328687533736229, -0.00020211249648127705, 0.001647655270062387, 0.0017764735966920853, 0.0002132658992195502, -0.0002125675673596561, 0.0002916154044214636, -0.002172523643821478, -0.0013721563154831529])
0:00:00.032918
array('f', [-5.718455668102251e-06, 9.819214756134897e-05, -0.00026285622152499855, 0.00035109915188513696, 0.0010335950646549463, 0.0010949018178507686, -0.0021416095551103354, -0.0001667720644036308, -0.00022770084615331143, 3.582566205295734e-05, 0.015488681383430958, -0.003711890894919634, -0.0010537935886532068, -0.004065170418471098, 0.0035442886874079704, -0.0003892992972396314, 0.0011840815423056483, -0.0006195789319463074, 0.0003187375550623983, -0.0012330911122262478, 8.075355435721576e-05, 0.002234129933640361, -0.0020190824288874865, -0.0010007472010329366, 5.305287231749389e-06, -0.00026482154498808086, -0.0031103563960641623, 0.010905331932008266, -0.0004793349071405828, 0.005394584033638239, -0.004818757064640522, -0.0003143932262901217, -0.0005895937792956829, 8.176065603038296e-05, -0.003052973188459873, -0.0018032731022685766, 0.00010407736408524215, 0.009226418100297451, 0.004475541412830353, -0.00029012514278292656, -4.140559394727461e-05, -4.284085662220605e-06, -0.005376247689127922, -0.0017254017293453217, 0.0004642311832867563, -0.012553174048662186, 0.013503246940672398, 0.0012746545253321528, 8.628533396404237e-05, 0.001122408313676715, 0.005494927056133747, 0.001809127745218575, -0.00046149626723490655, 0.011511165648698807, -0.013612915761768818, -0.0012345268623903394, -9.027304622577503e-05, -0.0007554619805887341, -0.004005389288067818, -0.0020877933129668236, 0.00037971610436215997, -0.009327203966677189, 0.009769557975232601, 0.0023003630340099335])
0:00:01.567551
array('f', [0.01750144548714161, 0.044198062270879745, -0.04700193554162979, 0.00480820145457983, 0.045335665345191956, 0.012248723767697811, -0.04990323632955551, -0.017519516870379448, -0.01672835275530815, 0.00439152866601944, 0.0013274146476760507, -0.038530703634023666, -0.015469036996364594, -0.027943946421146393, -0.001599359093233943, 0.011796068400144577, 0.03983069583773613, 0.012673059478402138, 0.015053587965667248, 0.026007581502199173, -0.013368495739996433, -0.029397351667284966, 0.07174649089574814, 0.010516347363591194, -0.05162951722741127, -0.02320920117199421, 0.033949363976716995, 0.018362971022725105, -0.006376118864864111, -0.018214311450719833, -0.010251054540276527, -0.040600355714559555, 0.010462401434779167, -0.026799166575074196, -0.022603515535593033, 0.013713987544178963, 0.04870723560452461, 0.02224239706993103, 0.014081645756959915, 0.013485617004334927, -0.010252541862428188, -0.021430889144539833, 0.034381430596113205, 0.011593924835324287, -0.02344963327050209, -0.011492187157273293, 0.023771941661834717, 0.009005608037114143, -0.001656314474530518, -0.012262793257832527, 0.002474661683663726, 0.008794770576059818, 0.016127241775393486, 0.00857892818748951, -0.012690518982708454, -0.009136131964623928, -0.0024436339735984802, 0.0003050748200621456, -0.0018637727480381727, -0.014410092495381832, 0.004301936831325293, 0.029640283435583115, -0.011084194295108318, 0.018635382875800133, 0.026293085888028145, -0.011826246045529842, -0.040199168026447296, -0.01650436408817768, 0.00019606220303103328, -0.01282684225589037, 0.010281885042786598, 0.060321465134620667, -0.06537578999996185, -0.008164400234818459, 0.0590067021548748, 0.018301144242286682, -0.05130278319120407, -0.029105737805366516, -0.005522647872567177, 0.015937061980366707, -0.004130824469029903, -0.01633179560303688, -0.01004290021955967, -0.010777297429740429, -0.006706495303660631, 0.005579724907875061, 0.01657104678452015, 0.012767581269145012, 0.00579846790060401, 0.015457581728696823, 0.007852557115256786, 0.03713909909129143, 0.00365746789611876, 0.03715116158127785, 0.012196936644613743, -0.007676756475120783, -0.052003223448991776, -0.02872135490179062, -0.007619025651365519, -0.019448725506663322])
0:02:37.900886
