array('f', [-0.4285714030265808, 0.5714285373687744, 0.2857142686843872, -0.2142857015132904])
0:00:00.000437
array('f', [0.00070524075999856, -0.004377309232950211, 0.3701116442680359, 0.0016204629791900516, -0.0014820531941950321, 0.0008836894994601607, -0.031635649502277374, 0.0007553301984444261, 0.0013886808883398771, -0.0005108215264044702, -0.0009161859634332359, 0.0002562895242590457, -0.0005218142759986222, 0.0020252286922186613, 0.003464797278866172, -0.0015273693716153502])
0:00:00.000131
array('f', [6.275041960179806e-05, 0.0011914425995200872, -0.0007414959254674613, 0.0003446810005698353, -0.0005944694858044386, 0.0006098792073316872, -9.957685688277707e-05, -0.00012208505359012634, 0.0012292626779526472, -0.0007755229598842561, 0.0009360745316371322, -0.0010176829528063536, 0.0001278152340091765, 6.292688340181485e-05, 2.429191954433918e-05, -0.0014933472266420722, -0.000787166238296777, 0.0008903439156711102, -0.0010230158222839236, -0.000829304161015898, 0.00017509813187643886, -0.00042113641393370926, 0.010403105989098549, 0.0006654250319115818, -0.0018375306390225887, -0.0005688095116056502, -0.0003224446845706552, 0.02328687533736229, -0.0002021134423557669, 0.0016476556193083525, 0.0017764747608453035, 0.00021326588466763496, -0.00021256761101540178, 0.0002916145895142108, -0.002172523643821478, -0.0013721564318984747])
0:00:00.000324
array('f', [-5.723229151044507e-06, 9.82003184617497e-05, -0.0002629760419949889, 0.00035105473943986, 0.0010336043778806925, 0.0010947315022349358, -0.002141335280612111, -0.00016674624930601567, -0.00022769869246985763, 3.585483864299022e-05, 0.015488843433558941, -0.00371183967217803, -0.0010538072092458606, -0.004064840730279684, 0.003543893340975046, -0.0003893392567988485, 0.0011840814258903265, -0.0006195750320330262, 0.00031871689134277403, -0.0012330979807302356, 8.07553660706617e-05, 0.0022340817376971245, -0.002019030274823308, -0.0010007418459281325, 5.307496394379996e-06, -0.0002648225927259773, -0.003110244171693921, 0.010905370116233826, -0.0004793443949893117, 0.005394818726927042, -0.00481903413310647, -0.0003144202346447855, -0.0005895933136343956, 8.175855327863246e-05, -0.003052957821637392, -0.0018032684456557035, 0.0001040760034811683, 0.009226459078490734, 0.004475501831620932, -0.00029012872255407274, -4.1406274249311537e-05, -4.284808255761163e-06, -0.005376209504902363, -0.0017253904370591044, 0.0004642277199309319, -0.012553063221275806, 0.013503145426511765, 0.0012746461434289813, 8.628595242043957e-05, 0.0011224091285839677, 0.005494887940585613, 0.0018091159872710705, -0.00046149271656759083, 0.011511052027344704, -0.013612812384963036, -0.0012345182476565242, -9.027378837345168e-05, -0.0007554632611572742, -0.004005377180874348, -0.0020877900533378124, 0.0003797148820012808, -0.009327156469225883, 0.009769522584974766, 0.0023003604728728533])
0:00:00.000608
array('f', [0.01750146970152855, 0.04419804736971855, -0.047002147883176804, 0.004808092024177313, 0.045335717499256134, 0.012248803861439228, -0.04990323632955551, -0.01751946285367012, -0.016728311777114868, 0.004391662310808897, 0.0013273910153657198, -0.03853067755699158, -0.015468940138816833, -0.027943667024374008, -0.0015993188135325909, 0.011795979924499989, 0.039830610156059265, 0.012672986835241318, 0.015053563751280308, 0.026007452979683876, -0.01336853951215744, -0.029397567734122276, 0.07174660265445709, 0.010516049340367317, -0.05162980034947395, -0.02320919558405876, 0.033949725329875946, 0.018363168463110924, -0.006376106757670641, -0.01821427047252655, -0.010251129046082497, -0.040600623935461044, 0.010462667793035507, -0.026799093931913376, -0.022603655233979225, 0.013713902793824673, 0.04870748892426491, 0.022242510691285133, 0.014081659726798534, 0.013485546223819256, -0.01025256235152483, -0.02143099345266819, 0.03438146784901619, 0.01159380842000246, -0.023449761793017387, -0.0114921685308218, 0.023772096261382103, 0.009005687199532986, -0.0016563109820708632, -0.012262756936252117, 0.00247465493157506, 0.008794701658189297, 0.016127267852425575, 0.008578797802329063, -0.012690618634223938, -0.009136107750236988, -0.002443496137857437, 0.0003051342209801078, -0.001863766578026116, -0.014410054311156273, 0.004301940090954304, 0.02964020147919655, -0.011084246449172497, 0.018635202199220657, 0.026293033733963966, -0.011826186440885067, -0.04019904136657715, -0.016504285857081413, 0.00019608077127486467, -0.012826760299503803, 0.010281942784786224, 0.06032167747616768, -0.0653759315609932, -0.008164238184690475, 0.0590069480240345, 0.01830114796757698, -0.051303111016750336, -0.029105879366397858, -0.005522644147276878, 0.015937045216560364, -0.004130835644900799, -0.01633177511394024, -0.01004286203533411, -0.0107771847397089, -0.006706445477902889, 0.005579683929681778, 0.016570990905165672, 0.01276753842830658, 0.00579845393076539, 0.015457520261406898, 0.007852586917579174, 0.03713909909129143, 0.0036573787219822407, 0.03715100511908531, 0.012196909636259079, -0.007676692213863134, -0.05200318247079849, -0.028721315786242485, -0.007619006559252739, -0.019448639824986458])
0:00:00.000929
